6.821296593132827 8.928472785002803
7.393522036833012 8.866450561038507
9.320920616634956 8.46510472779208
1.881825656964964 1.6298709981443538
1.7536990015550789 8.952580757790889
1.2479519199473927 1.020379203829667
7.224448891693925 1.154469940677318
2.068990342743923 2.5693186676605904
1.4995748720437767 8.55721126247361
9.9568700550388 9.423791301180515
9.087794820078964 3.0689268233705103
1.989191154935313 8.623682303798278
6.956102441635079 5.976733557150447
2.309895462644186 9.650472443180949
6.573797597171151 9.848527699399378
4.657879775817403 3.5979030687618088
2.851788453858839 7.271955368426046
5.7525027521555785 9.14322297983539
2.7048659436521145 2.271173203004373
3.7380929339991136 6.915929188257845
5.088833673229307 9.998240025040051
8.184770554291012 5.475611869197938
9.436743016708354 8.123440411464731
1.6736356836701392 8.035340133818728
5.709218343874207 3.872598041679735
2.2485300046885066 4.255732146061922
6.500853054558937 6.906062432910541
3.8380212602018 7.602145536428877
9.026541036486437 1.7591213662022405
6.67946085622622 1.630936276157906
6.607015740812326 1.919440467381325
9.216584919472778 8.778414025217083
2.5736389458708326 5.116414497841979
7.942028679144585 4.233454190969859
3.340370628855931 3.6672602995571477
9.773437663252983 8.236589475899567
8.834174483927313 3.5074324890634823
8.325196186500087 3.227561744143867
7.47867734071028 5.606265607159297
9.385383964282155 1.7251733966578136
5.697173550201255 3.3306384900778676
3.5042173040647917 6.082295350983397
7.194369714879024 3.5203954460457734
3.171936695822977 1.381699483857254
4.188213383479615 6.905890263467268
7.738270276741389 5.658638230524429
9.854299635142615 5.588371184317388
1.16933603311719 3.667652970832896
5.4585826577455645 1.6224212684089157
8.416087751718713 8.081699157972603
3.673948050106173 5.609575807016712
9.35652077219661 5.43709816845625
8.09251317375579 8.508730786881358
7.549093555486026 2.8717571651748766
2.4264448937012677 8.44229688943901
4.252205654544371 7.540192183620794
8.332109715914786 9.142911206191568
2.5347041274422373 4.535399711019685
4.12035462870344 3.8597290007503746
5.835294817509993 9.828419717205763
5.093938835450375 4.158973763737684
4.866258881945713 4.796776812665889
1.9060639849962435 2.943962171125711
6.5043642572525275 7.10409891962881
2.5205593928109544 4.438743884438172
4.603966097518345 5.999045200028886
8.670362250517268 7.088614661401279
3.581432192102957 4.416750343539004
9.849763544227146 6.033290189682412
4.833838194117783 1.6864261140689576
7.032539286645411 2.2590143271256413
5.00625853177276 6.896222431441624
6.6504358301104975 3.1392429048257258
6.8658470706272645 9.527845090405302
9.751904522173822 2.068010585687281
6.5078831342290515 4.6235164220808365
8.617923011825823 8.624847394305734
2.9727227589977634 9.156946775225391
7.976222209749264 7.463451740357046
7.879105716345932 3.3745668955101826
2.641195002680733 6.27589829773725
2.0076878275471675 8.958074575092725
5.29472306742897 8.258288846166785
7.916647745908424 7.5490690706129016
6.116324727341993 1.499096937456958
5.76525184316652 6.3448736482659465
4.014831720371737 7.245368558368883
2.284380203512312 6.582097747177075
9.01941314373953 7.766285350270411
5.826255382516475 5.020148652665555
7.23526757988934 5.97755382234878
7.375385157821284 4.392893760482664
2.9054797230256497 8.089871829219534
6.578309888644966 9.43508357433427
3.533319564079306 8.595348239594369
7.79046366153892 3.298254888274842
1.4165431467779563 9.078977178350344
1.6632594725629706 8.08442083706575
9.140042116286658 5.2640869619302375
3.9840401111955566 1.0851112360644777
